967
1116
1274
1398
1512
1598
1661
1687
1690
1653
1597
1503
1397
1257
1113
947
797
629
485
383
390
383
386
380
381
383
382
385
385
428
570
733
889
1043
1204
1341
1463
1564
1636
1681
1695
1678
1629
1555
1449
1330
1186
1031
873
719
559
417
385
386
382
387
385
384
384
387
385
385
493
657
807
966
1127
1273
1399
1513
1599
1660
1689
1690
1653
1596
1500
1391
1259
1118
949
798
636
485
378
385
376
387
377
388
387
386
384
390
427
576
736
890
1044
1201
1340
1460
1561
1636
1679
1695
1674
1633
1558
1453
1329
1192
1031
874
718
556
416
383
386
383
385
382
386
384
386
385
385
493
651
807
967
1123
1275
1400
1518
1599
1659
1689
1691
1657
1598
1503
1392
1259
1110
952
797
638
485
382
389
386
388
386
379
380
383
380
385
423
571
731
888
1050
1203
1343
1460
1562
1635
1681
1694
1678
1629
1554
1452
1329
1191
1037
875
719
561
416
385
386
382
388
382
385
385
384
383
389
492
657
808
967
1117
1273
1398
1513
1602
1662
1687
1687
1655
1596
1507
1393
1260
1113
950
799
633
485
378
385
382
389
380
386
376
389
382
384
422
567
727
890
1038
1204
1332
1460
1559
1635
1678
1694
1674
1632
1554
1452
1327
1190
1031
875
719
565
415
389
379
389
386
388
388
390
385
386
386
495
656
807
966
1128
1274
1400
1513
1600
1662
1690
1690
1655
1600
1503
1394
1260
1120
951
797
640
484
384
378
383
383
384
382
385
379
379
384
423
574
730
888
1041
1201
1336
1460
1558
1634
1675
1695
1673
1630
1554
1452
1325
1193
1024
876
712
556
409
382
387
385
384
385
389
386
383
385
388
496
648
811
966
1124
1276
1401
1517
1606
1659
1692
1689
1656
1596
1505
1394
1261
1109
953
799
642
485
383
387
382
385
383
384
384
389
383
386
427
572
730
887
1044
1205
1338
1461
1556
1637
1678
1695
1673
1629
1551
1451
1327
1193
1032
875
715
561
413
389
382
388
376
385
379
383
387
388
386
496
658
810
968
1121
1275
1402
1515
1603
1663
1690
1689
1657
1598
1512
1392
1265
1116
954
798
637
485
385
385
381
390
380
387
384
386
388
387
425
569
729
889
1042
1202
1335
1460
1556
1635
1677
1694
1672
1630
1554
1452
1324
1192
1036
875
714
566
411
387
383
387
384
387
380
385
377
387
379
496
649
809
964
1119
1271
1402
1514
1602
1661
1691
1691
1658
1598
1512
1394
1264
1119
956
799
643
483
388
382
382
384
383
382
382
386
382
385
424
569
723
889
1041
1197
1339
1460
1560
1634
1679
1693
1674
1630
1555
1453
1326
1192
1030
875
716
568
415
386
379
385
381
382
383
386
382
380
384
495
643
811
961
1122
1267
1402
1505
1598
1654
1691
1687
1658
1597
1509
1392
1264
1120
959
798
644
488
386
383
386
390
386
391
386
388
386
383
430
571
734
891
1045
1195
1340
1461
1558
1635
1676
1693
1672
1631
1554
1458
1327
1192
1037
875
716
563
414
390
385
385
383
386
382
383
383
386
385
496
641
810
962
1120
1268
1402
1508
1602
1660
1689
1687
1660
1595
1508
1385
1261
1108
955
791
645
490
385
386
383
388
385
387
381
388
388
389
427
571
729
891
1044
1202
1340
1462
1559
1634
1681
1694
1675
1631
1557
1451
1327
1193
1040
875
717
566
415
387
385
387
378
389
385
384
383
385
383
495
651
809
963
1119
1268
1401
1509
1600
1656
1691
1688
1658
1592
1512
1388
1262
1114
954
792
644
479
386
374
388
380
386
381
392
384
386
386
428
569
724
890
1043
1199
1340
1461
1562
1634
1679
1692
1676
1631
1558
1456
1330
1191
1034
875
724
570
420
380
385
387
386
388
385
386
382
381
385
496
645
809
962
1122
1273
1402
1510
1598
1658
1689
1689
1656
1596
1509
1391
1262
1116
956
794
644
483
387
383
381
382
385
384
384
382
387
381
428
565
734
883
1044
1185
1340
1452
1559
1630
1678
1692
1676
1630
1558
1457
1331
1192
1040
875
719
562
416
383
384
385
383
388
388
383
387
388
386
495
641
810
965
1120
1271
1406
1511
1601
1658
1689
1686
1658
1594
1512
1392
1263
1113
955
793
642
490
386
382
385
382
383
382
389
382
386
383
428
564
730
884
1045
1198
1340
1456
1558
1629
1682
1687
1677
1626
1556
1450
1328
1192
1044
876
720
568
418
388
385
385
385
389
381
386
387
386
383
496
654
810
968
1119
1269
1404
1510
1602
1658
1690
1690
1659
1596
1512
1390
1263
1115
955
794
644
482
389
381
382
377
389
378
389
381
389
376
428
564
723
885
1043
1193
1340
1456
1560
1632
1679
1691
1679
1627
1557
1449
1329
1187
1033
868
720
563
420
382
387
381
381
382
386
388
388
386
384
497
646
811
966
1121
1272
1401
1512
1599
1660
1691
1692
1657
1600
1508
1393
1264
1122
958
795
645
486
385
382
383
379
385
384
385
378
390
384
428
566
732
885
1044
1189
1338
1456
1559
1633
1681
1691
1677
1627
1558
1455
1329
1189
1040
867
719
559
416
380
386
383
388
375
386
383
386
384
389
491
644
801
968
1110
1273
1398
1513
1605
1661
1692
1691
1665
1598
1511
1394
1262
1118
954
798
643
492
386
384
383
391
385
387
379
392
381
384
428
566
730
887
1043
1198
1338
1459
1557
1633
1678
1691
1676
1628
1558
1450
1329
1189
1043
873
718
564
417
385
384
384
387
383
386
383
384
386
386
491
652
805
967
1114
1270
1399
1513
1597
1662
1686
1690
1652
1599
1505
1394
1259
1119
956
797
645
484
385
385
391
387
387
385
390
385
383
387
426
569
723
891
1045
1199
1341
1461
1560
1634
1678
1693
1678
1632
1558
1452
1330
1191
1033
873
720
565
419
384
386
383
380
382
381
382
382
383
390
492
644
809
967
1116
1274
1398
1511
1594
1662
1688
1689
1654
1599
1504
1392
1256
1121
951
797
639
488
381
385
388
379
389
388
385
382
386
381
431
568
734
889
1045
1192
1340
1460
1559
1636
1680
1695
1676
1629
1556
1458
1329
1191
1041
871
719
564
416
384
393
383
391
384
389
377
386
384
385
495
645
804
968
1117
1271
1398
1511
1598
1661
1688
1690
1655
1598
1507
1394
1258
1117
949
799
638
496
375
389
382
387
384
388
374
388
379
382
421
568
725
888
1046
1201
1341
1461
1558
1634
1681
1696
1680
1631
1558
1452
1332
1192
1044
877
719
569
417
390
385
388
384
385
384
383
387
386
388
492
649
806
970
1117
1269
1400
1512
1598
1661
1688
1691
1657
1598
1511
1398
1260
1120
953
797
641
496
382
387
381
386
380
387
378
386
381
389
423
569
716
886
1035
1197
1333
1461
1552
1633
1680
1695
1679
1631
1558
1456
1330
1192
1046
879
720
567
421
388
386
386
386
390
386
390
387
390
381
496
644
808
968
1118
1266
1400
1511
1596
1662
1688
1690
1656
1596
1511
1398
1260
1120
956
798
641
488
386
380
388
385
384
381
383
384
385
385
424
568
715
889
1037
1192
1335
1461
1554
1635
1675
1695
1674
1632
1552
1458
1320
1192
1034
876
712
569
420
385
384
385
383
386
388
383
385
387
384
497
645
808
967
1118
1273
1404
1509
1598
1662
1692
1689
1660
1597
1509
1394
1260
1119
965
797
640
497
383
385
384
386
383
384
383
387
381
386
426
571
724
889
1042
1192
1335
1460
1554
1632
1679
1693
1674
1631
1554
1462
1326
1192
1040
878
715
568
415
388
379
385
379
384
379
385
381
389
382
496
643
802
968
1121
1270
1405
1512
1601
1662
1693
1690
1661
1600
1513
1395
1260
1120
956
798
645
497
390
386
379
387
378
387
387
388
384
389
427
568
719
891
1041
1195
1337
1461
1556
1631
1677
1694
1675
1631
1554
1458
1326
1193
1042
879
715
568
417
385
384
388
380
387
380
389
376
389
383
496
641
811
963
1119
1258
1404
1506
1600
1655
1691
1684
1658
1594
1515
1397
1263
1121
961
800
644
491
386
382
390
386
382
386
389
384
387
386
429
570
719
886
1047
1192
1344
1461
1559
1635
1681
1693
1679
1630
1556
1460
1328
1193
1041
875
717
569
423
386
384
387
384
385
383
384
379
385
385
495
640
807
965
1119
1266
1403
1509
1598
1656
1691
1686
1658
1592
1512
1390
1264
1115
967
793
643
491
388
377
386
373
386
381
387
388
386
387
427
568
727
889
1044
1193
1336
1461
1557
1635
1682
1695
1681
1631
1559
1460
1332
1193
1043
878
717
569
417
380
383
386
384
386
385
386
383
384
382
494
642
801
966
1121
1265
1404
1510
1600
1659
1691
1688
1657
1594
1512
1392
1263
1114
956
795
644
491
386
386
387
377
387
377
382
381
386
381
426
567
722
888
1045
1196
1343
1460
1559
1634
1679
1697
1679
1630
1558
1457
1329
1193
1044
882
721
568
422
386
384
389
382
389
382
389
383
391
383
497
642
809
963
1119
1261
1402
1509
1600
1659
1690
1690
1657
1594
1513
1397
1264
1116
962
790
643
486
388
384
383
385
387
377
384
377
388
381
428
563
719
883
1044
1188
1339
1458
1556
1630
1680
1690
1680
1625
1558
1455
1330
1189
1042
876
721
570
426
386
383
386
389
387
387
384
385
384
383
496
643
805
968
1120
1273
1405
1513
1598
1657
1691
1687
1662
1593
1511
1392
1262
1116
965
794
643
494
389
383
388
379
384
382
385
386
388
378
427
566
726
886
1045
1188
1334
1456
1558
1628
1680
1690
1674
1626
1558
1455
1331
1189
1044
872
716
561
421
378
385
373
388
383
385
386
389
387
382
498
645
800
968
1121
1264
1403
1513
1599
1661
1690
1691
1661
1602
1512
1397
1261
1122
956
795
643
493
385
383
386
387
382
384
382
384
382
388
426
566
721
886
1045
1193
1341
1457
1557
1628
1680
1692
1679
1627
1559
1453
1331
1189
1045
879
720
563
424
379
383
381
387
380
386
381
384
381
385
490
643
803
968
1111
1265
1398
1513
1597
1658
1691
1690
1662
1598
1513
1401
1265
1119
961
798
644
496
388
390
391
389
380
385
385
387
384
385
425
568
720
885
1044
1191
1338
1458
1559
1629
1678
1693
1678
1630
1558
1458
1330
1191
1043
885
720
567
423
385
383
385
386
383
386
384
380
381
385
491
644
802
966
1116
1262
1397
1512
1592
1662
1685
1691
1655
1597
1509
1403
1260
1119
960
799
637
497
379
384
386
381
388
386
391
383
387
389
426
569
720
881
1044
1191
1336
1459
1560
1633
1680
1696
1681
1634
1558
1460
1331
1190
1044
876
719
568
427
382
385
382
383
382
388
384
383
383
389
494
644
798
966
1117
1266
1400
1513
1595
1658
1688
1691
1657
1598
1506
1397
1261
1120
963
804
639
497
383
390
382
391
381
386
381
388
381
387
420
568
716
889
1038
1193
1323
1459
1552
1632
1678
1695
1680
1631
1560
1462
1337
1193
1045
882
721
569
425
386
386
382
390
379
387
386
388
386
386
498
645
798
967
1120
1264
1402
1513
1595
1660
1687
1691
1659
1599
1509
1401
1260
1118
960
798
640
497
380
388
383
384
382
389
381
384
383
389
417
569
715
886
1039
1193
1335
1459
1554
1632
1676
1694
1676
1631
1553
1460
1324
1193
1036
888
714
569
421
385
385
384
383
387
384
389
388
385
382
496
643
803
965
1118
1261
1399
1512
1598
1658
1694
1690
1660
1598
1514
1403
1264
1120
968
797
643
496
385
388
385
387
384
382
384
388
384
380
423
569
716
879
1040
1193
1332
1459
1554
1631
1676
1694
1676
1634
1555
1461
1329
1192
1041
878
716
569
423
382
381
386
381
384
381
386
378
384
378
498
634
800
962
1120
1259
1403
1512
1596
1657
1690
1692
1661
1598
1512
1396
1263
1120
966
801
644
497
386
384
389
390
387
385
384
386
387
384
426
568
719
891
1042
1194
1327
1462
1556
1628
1677
1693
1677
1630
1556
1458
1333
1191
1042
883
717
568
420
386
385
387
385
383
383
388
385
387
384
495
639
797
961
1119
1259
1403
1507
1598
1655
1691
1682
1662
1593
1512
1397
1260
1118
963
799
643
497
382
389
387
387
387
388
387
388
384
388
420
569
721
885
1046
1193
1340
1460
1560
1631
1680
1694
1677
1630
1556
1460
1328
1192
1042
888
717
568
424
386
384
386
377
385
384
387
383
385
378
497
640
804
964
1120
1260
1399
1510
1599
1659
1690
1687
1661
1594
1512
1398
1265
1116
969
795
643
491
390
383
387
378
385
378
390
379
385
381
428
567
719
879
1044
1194
1335
1461
1558
1634
1681
1695
1679
1635
1558
1461
1333
1192
1045
879
720
569
428
387
388
386
384
387
383
386
387
385
384
494
641
798
965
1120
1263
1404
1511
1598
1657
1691
1688
1660
1597
1514
1395
1263
1116
968
798
644
492
384
384
385
378
388
383
389
380
387
381
425
565
720
882
1045
1186
1329
1451
1559
1623
1679
1688
1681
1629
1558
1460
1339
1193
1044
884
719
570
426
388
387
386
389
383
386
384
383
385
390
497
644
799
968
1121
1262
1403
1509
1598
1658
1690
1689
1662
1596
1510
1400
1262
1117
965
795
647
494
384
387
384
382
386
383
388
383
387
383
423
567
721
880
1044
1189
1338
1458
1557
1626
1679
1692
1681
1627
1558
1458
1331
1190
1045
883
720
562
428
378
385
381
384
378
386
382
386
386
386
496
645
804
962
1119
1263
1398
1513
1599
1659
1691
1691
1663
1600
1512
1405
1266
1122
968
800
642
496
388
383
386
382
383
385
384
382
379
382
419
567
720
877
1045
1191
1335
1457
1558
1628
1678
1693
1681
1632
1557
1456
1334
1189
1044
885
722
565
426
383
386
388
388
385
386
379
381
386
381
489
643
794
967
1115
1264
1390
1510
1591
1657
1684
1691
1659
1597
1513
1402
1270
1119
966
803
646
497
386
385
386
388
388
382
392
381
387
388
425
572
721
876
1043
1190
1329
1457
1558
1630
1679
1692
1681
1633
1559
1459
1339
1192
1046
882
721
567
427
383
385
383
390
382
389
381
385
381
387
491
644
795
967
1116
1263
1399
1513
1595
1659
1686
1691
1659
1599
1509
1403
1260
1121
964
808
636
495
380
385
379
385
384
384
385
388
386
391
420
569
720
883
1045
1192
1329
1456
1559
1631
1681
1694
1679
1635
1559
1460
1339
1192
1044
885
721
567
425
383
385
381
386
384
386
381
386
385
391
494
644
794
960
1116
1264
1395
1511
1594
1660
1686
1692
1659
1601
1510
1402
1261
1119
961
798
637
495
377
387
382
388
376
388
383
383
380
386
412
570
713
880
1036
1191
1328
1459
1556
1632
1679
1694
1681
1634
1561
1461
1336
1195
1045
888
726
569
428
387
385
388
384
382
385
387
387
392
385
497
643
797
966
1118
1262
1393
1511
1596
1658
1688
1691
1660
1598
1511
1403
1267
1120
966
804
642
497
379
384
381
387
377
386
383
388
384
388
420
568
715
876
1038
1193
1326
1461
1553
1630
1679
1696
1678
1636
1556
1462
1337
1194
1039
886
711
569
421
384
380
388
388
387
388
388
387
385
379
494
647
797
967
1120
1264
1401
1510
1598
1658
1690
1692
1664
1598
1513
1403
1263
1119
965
811
643
496
388
385
385
385
386
386
385
388
384
382
419
569
717
881
1042
1193
1329
1456
1555
1632
1675
1695
1677
1632
1556
1458
1338
1194
1041
890
716
568
421
383
381
387
381
388
382
384
381
388
378
497
636
798
954
1122
1260
1397
1511
1599
1659
1690
1693
1662
1602
1512
1404
1266
1120
967
800
642
495
386
392
385
385
386
386
387
387
384
389
416
568
717
876
1045
1194
1329
1459
1555
1630
1674
1694
1678
1634
1557
1462
1336
1193
1043
888
723
568
425
387
383
387
383
385
384
384
385
387
382
495
638
797
961
1120
1260
1394
1509
1597
1655
1690
1687
1662
1594
1512
1397
1272
1114
968
800
645
494
390
385
386
383
390
388
388
385
387
384
423
568
718
875
1042
1194
1332
1459
1559
1632
1681
1695
1680
1636
1560
1461
1338
1193
1043
889
717
568
425
387
387
386
383
387
382
389
381
391
383
491
641
798
961
1120
1259
1402
1509
1597
1655
1688
1687
1662
1595
1511
1399
1263
1116
967
805
644
490
389
379
384
379
388
383
386
381
388
377
420
561
719
877
1045
1191
1331
1456
1558
1632
1679
1695
1679
1633
1558
1461
1341
1195
1045
890
720
570
428
380
389
384
389
386
390
386
387
387
382
496
641
796
958
1119
1261
1396
1509
1598
1656
1691
1687
1664
1600
1511
1401
1268
1115
967
798
644
493
385
380
386
383
385
381
384
386
387
385
417
564
721
872
1044
1190
1331
1456
1558
1628
1678
1689
1680
1630
1559
1454
1335
1187
1043
885
726
570
427
387
386
387
385
382
385
389
387
386
386
495
645
796
968
1120
1265
1393
1513
1598
1657
1691
1688
1660
1598
1513
1401
1271
1117
965
805
644
493
384
383
385
386
386
383
382
386
389
383
422
567
721
873
1043
1189
1330
1454
1556
1627
1681
1690
1679
1632
1559
1456
1339
1190
1043
883
720
564
427
378
387
384
382
385
388
387
385
386
387
491
642
798
962
1121
1263
1401
1510
1599
1657
1691
1689
1662
1599
1510
1405
1266
1121
967
808
644
494
390
384
392
383
387
381
386
384
386
386
419
567
719
879
1044
1189
1328
1452
1559
1629
1679
1692
1681
1631
1560
1457
1341
1192
1045
885
722
566
427
383
387
381
383
377
392
379
384
379
388
489
644
789
958
1113
1263
1392
1512
1597
1659
1690
1691
1661
1603
1511
1402
1268
1120
966
802
642
496
381
387
382
386
388
389
385
388
383
386
417
564
719
874
1042
1191
1329
1449
1558
1627
1676
1693
1681
1634
1556
1460
1339
1196
1044
886
727
565
427
383
382
384
386
382
382
385
386
384
385
490
642
792
954
1113
1262
1389
1512
1594
1657
1683
1692
1655
1605
1503
1404
1264
1120
963
807
641
496
389
385
389
386
383
387
381
387
389
387
417
564
719
875
1040
1194
1330
1459
1558
1633
1677
1692
1679
1633
1557
1457
1341
1191
1046
888
731
566
428
384
387
383
384
382
383
383
386
382
383
487
642
794
962
1116
1263
1391
1509
1595
1658
1687
1689
1656
1600
1507
1403
1269
1122
962
809
638
496
380
383
378
385
377
386
379
389
383
384
419
570
720
876
1035
1192
1329
1456
1557
1628
1679
1693
1681
1635
1563
1461
1340
1199
1044
889
723
567
428
383
385
386
386
383
386
382
389
383
384
482
646
794
957
1118
1262
1396
1512
1594
1658
1688
1690
1658
1602
1508
1402
1264
1117
964
810
642
496
382
385
377
388
375
384
375
389
377
385
408
568
714
876
1037
1194
1324
1453
1553
1632
1676
1693
1681
1634
1559
1458
1339
1200
1045
889
728
567
428
386
382
390
386
387
387
389
384
384
385
493
644
796
952
1117
1263
1392
1511
1595
1658
1688
1689
1661
1603
1510
1403
1270
1118
964
807
640
497
384
385
384
384
382
380
387
383
381
387
409
564
716
875
1036
1193
1325
1458
1555
1633
1670
1694
1674
1635
1555
1461
1337
1193
1045
890
734
569
427
381
386
384
387
386
384
387
383
384
389
488
645
800
961
1122
1263
1392
1507
1597
1658
1688
1691
1659
1600
1512
1402
1273
1121
966
810
642
495
383
385
383
386
383
391
383
383
383
390
416
570
715
877
1033
1192
1327
1453
1551
1630
1675
1695
1677
1635
1559
1461
1335
1196
1037
891
717
569
424
387
384
384
387
385
388
386
382
387
385
483
648
797
958
1120
1264
1395
1512
1597
1660
1689
1691
1658
1602
1510
1404
1267
1121
964
809
644
495
386
387
387
386
382
386
380
385
385
387
414
568
717
876
1040
1192
1326
1449
1556
1629
1674
1694
1678
1634
1555
1461
1334
1201
1040
890
725
568
423
387
384
385
381
386
380
386
377
387
374
492
639
798
954
1119
1263
1395
1510
1597
1658
1691
1690
1661
1603
1513
1403
1271
1119
966
808
644
494
389
383
387
385
382
386
381
386
384
379
414
563
718
875
1037
1193
1327
1456
1555
1630
1675
1694
1678
1634
1556
1457
1339
1194
1041
887
728
569
423
386
384
382
381
379
388
386
380
384
383
488
639
795
955
1120
1258
1393
1500
1597
1652
1690
1683
1660
1597
1511
1402
1274
1122
968
810
643
495
384
388
385
389
385
382
385
384
385
382
419
569
721
875
1034
1193
1329
1454
1556
1630
1676
1694
1677
1637
1559
1461
1338
1199
1041
889
721
570
424
387
382
390
383
384
382
387
384
385
382
484
640
796
951
1121
1259
1393
1507
1598
1654
1688
1687
1659
1599
1510
1397
1270
1115
966
806
649
495
386
387
388
386
381
385
382
386
383
384
416
568
719
877
1044
1191
1332
1451
1557
1630
1678
1693
1678
1636
1556
1460
1337
1202
1041
888
727
570
424
385
384
384
381
382
384
389
382
384
383
492
641
797
950
1118
1259
1393
1507
1598
1655
1688
1685
1661
1600
1511
1398
1274
1116
968
805
643
492
382
379
384
379
388
381
381
387
383
385
417
564
719
876
1039
1193
1329
1451
1556
1632
1676
1694
1681
1634
1560
1459
1340
1203
1045
889
730
569
424
388
382
390
382
384
381
383
378
388
385
488
640
797
952
1111
1259
1392
1503
1598
1654
1689
1690
1661
1600
1515
1399
1275
1117
966
805
643
492
391
380
389
376
385
374
385
373
388
381
414
555
719
875
1033
1192
1329
1454
1558
1630
1676
1695
1679
1635
1562
1460
1338
1200
1041
890
735
573
427
384
388
385
387
384
386
384
383
381
380
485
641
797
952
1119
1262
1392
1502
1599
1653
1689
1688
1659
1602
1511
1399
1275
1125
966
807
650
491
386
382
386
380
386
379
384
384
383
378
415
561
719
872
1032
1186
1330
1441
1557
1623
1675
1689
1679
1634
1563
1461
1343
1201
1045
890
731
568
427
386
387
389
384
384
385
387
389
387
392
485
638
797
953
1117
1257
1394
1507
1600
1656
1690
1687
1660
1601
1512
1401
1274
1115
964
808
655
492
386
387
386
380
385
385
380
380
386
384
413
558
719
871
1037
1187
1330
1447
1557
1628
1675
1691
1679
1631
1558
1454
1340
1197
1045
886
733
570
426
385
384
384
385
388
388
383
385
386
382
487
643
797
954
1110
1265
1393
1508
1596
1658
1689
1689
1660
1601
1514
1401
1274
1121
967
808
643
493
386
378
387
383
387
383
381
382
389
380
414
554
719
873
1031
1188
1328
1449
1557
1626
1677
1689
1679
1631
1562
1455
1339
1195
1044
883
734
567
427
378
386
374
383
382
384
382
384
386
385
485
644
798
953
1120
1264
1394
1504
1598
1656
1690
1692
1661
1603
1511
1402
1275
1126
967
807
649
495
387
382
385
385
387
386
386
384
384
383
418
563
720
874
1030
1187
1330
1445
1556
1627
1678
1691
1679
1635
1565
1456
1340
1199
1043
880
729
563
428
381
389
384
387
375
384
379
390
383
387
479
638
797
955
1115
1264
1393
1510
1600
1660
1688
1690
1662
1603
1511
1403
1273
1121
966
810
656
499
385
391
389
385
384
382
385
382
383
385
404
557
719
873
1036
1189
1330
1447
1553
1628
1677
1692
1680
1633
1560
1455
1340
1200
1045
884
731
566
426
384
386
381
382
385
384
381
384
378
384
481
642
791
953
1105
1261
1385
1506
1591
1655
1690
1689
1663
1604
1515
1403
1275
1122
967
812
645
492
385
379
386
387
383
386
391
386
385
380
413
555
722
873
1033
1189
1328
1451
1557
1628
1676
1691
1679
1634
1562
1461
1341
1198
1044
885
732
572
426
381
391
382
380
381
388
383
379
383
385
479
643
791
953
1115
1263
1389
1505
1595
1658
1684
1689
1654
1603
1504
1400
1271
1127
966
810
651
495
385
390
384
386
386
386
384
381
383
382
416
566
718
878
1031
1190
1331
1449
1556
1625
1676
1692
1680
1633
1563
1458
1338
1200
1045
887
731
565
426
379
390
377
387
378
387
381
390
381
388
481
636
798
954
1113
1262
1389
1506
1594
1656
1686
1689
1658
1602
1509
1404
1270
1119
959
810
648
497
378
389
382
388
385
387
388
384
385
383
417
560
721
878
1036
1191
1330
1450
1555
1629
1676
1696
1679
1637
1560
1460
1340
1199
1049
887
732
567
427
379
388
386
386
386
387
379
390
385
385
481
644
794
955
1107
1263
1391
1506
1594
1659
1688
1689
1658
1603
1510
1403
1269
1122
962
808
639
495
382
389
381
385
381
384
380
384
382
390
411
557
717
875
1032
1191
1329
1451
1550
1631
1676
1694
1678
1636
1563
1459
1341
1204
1051
888
732
576
425
388
387
385
388
383
384
382
381
383
389
480
642
793
953
1107
1264
1390
1505
1595
1655
1687
1690
1656
1603
1515
1402
1271
1128
963
809
646
496
384
388
378
385
384
384
380
385
377
386
404
554
709
875
1022
1189
1324
1450
1555
1630
1679
1694
1680
1636
1567
1460
1343
1205
1046
889
733
580
430
385
390
384
388
387
383
387
384
382
387
482
636
795
955
1111
1262
1391
1502
1595
1656
1685
1689
1660
1602
1511
1403
1270
1130
968
809
652
496
382
386
383
388
381
382
383
387
385
389
396
560
713
874
1025
1184
1326
1451
1549
1630
1671
1692
1674
1634
1560
1461
1336
1205
1048
888
732
570
428
385
385
392
384
386
387
388
388
384
382
484
631
797
953
1106
1262
1392
1507
1592
1659
1686
1689
1658
1604
1511
1403
1270
1123
964
811
653
500
383
384
375
386
385
385
380
387
376
385
404
556
712
874
1027
1191
1326
1449
1546
1630
1675
1694
1671
1636
1558
1461
1338
1203
1048
889
734
575
426
391
384
387
380
383
386
382
383
384
386
484
641
798
955
1108
1261
1391
1503
1594
1658
1686
1689
1661
1603
1518
1404
1273
1130
963
810
649
496
382
388
385
387
384
385
382
381
385
386
397
558
710
875
1027
1187
1324
1451
1553
1631
1674
1693
1676
1633
1560
1459
1333
1204
1039
885
725
580
422
387
381
386
382
385
387
385
384
386
385
484
634
796
954
1112
1261
1394
1502
1598
1658
1689
1691
1661
1602
1509
1402
1274
1131
967
809
654
496
381
384
379
385
385
386
383
380
381
388
399
559
714
877
1027
1182
1327
1449
1551
1629
1674
1693
1677
1634
1559
1463
1337
1203
1043
888
727
570
421
386
379
385
377
388
379
381
380
389
386
485
632
795
954
1108
1263
1393
1506
1596
1658
1689
1691
1659
1603
1516
1404
1275
1125
968
810
654
501
379
385
382
389
386
385
384
384
384
386
402
555
716
876
1027
1192
1326
1450
1547
1630
1674
1694
1676
1634
1561
1461
1337
1203
1049
889
726
577
421
390
380
385
376
388
378
386
377
388
382
484
640
797
955
1108
1262
1394
1505
1597
1656
1688
1691
1660
1603
1519
1405
1275
1130
970
810
654
495
384
387
380
382
385
384
383
386
385
385
405
557
710
875
1030
1187
1329
1450
1553
1630
1674
1695
1676
1636
1561
1460
1339
1205
1042
889
728
581
425
387
379
386
382
386
381
382
381
386
377
484
627
798
949
1110
1261
1393
1503
1596
1659
1691
1689
1661
1604
1513
1401
1273
1133
971
809
657
498
387
383
385
390
387
389
384
383
381
387
404
558
715
877
1029
1184
1328
1451
1550
1629
1673
1691
1676
1635
1561
1463
1337
1203
1046
889
729
572
423
388
382
382
380
389
381
380
382
380
380
483
625
795
950
1108
1263
1393
1503
1596
1659
1688
1690
1661
1602
1515
1403
1273
1127
966
811
656
503
387
384
387
388
383
383
382
388
377
384
399
557
716
874
1028
1191
1326
1452
1549
1628
1675
1693
1676
1636
1559
1458
1335
1203
1049
889
728
575
424
387
381
389
379
383
381
380
379
389
380
483
633
798
948
1107
1257
1392
1504
1596
1653
1690
1691
1661
1604
1519
1404
1275
1131
966
810
655
496
383
386
383
386
388
386
391
385
384
391
409
555
712
876
1029
1186
1327
1450
1554
1631
1674
1694
1677
1634
1561
1460
1335
1204
1042
890
731
580
424
388
381
384
382
384
381
388
380
385
380
485
629
796
950
1111
1257
1395
1494
1594
1651
1691
1686
1660
1602
1512
1403
1273
1132
970
809
658
497
386
385
389
382
391
384
383
382
390
386
403
557
719
877
1029
1181
1327
1450
1549
1631
1674
1694
1675
1635
1561
1463
1338
1204
1047
889
729
574
424
384
382
384
385
386
382
389
379
386
382
483
627
798
950
1106
1258
1391
1501
1598
1654
1688
1686
1659
1598
1516
1397
1273
1124
966
810
655
503
386
384
390
384
386
383
385
385
385
379
405
557
718
874
1034
1191
1330
1450
1549
1629
1675
1693
1676
1634
1563
1460
1336
1203
1051
888
730
578
424
387
382
382
388
385
388
385
381
385
384
485
635
797
951
1106
1257
1392
1499
1595
1649
1689
1686
1660
1601
1520
1398
1274
1125
967
802
656
501
387
384
383
385
386
389
385
390
385
388
399
555
712
877
1031
1187
1330
1451
1553
1629
1679
1694
1683
1636
1563
1460
1339
1205
1054
890
729
582
427
388
383
384
383
388
386
381
383
385
384
485
632
798
952
1106
1252
1393
1500
1594
1655
1691
1689
1661
1601
1521
1404
1273
1127
971
806
656
492
387
382
384
380
382
386
386
377
386
374
396
550
707
871
1031
1182
1330
1452
1553
1629
1676
1694
1680
1634
1565
1466
1339
1206
1051
889
734
582
435
387
385
384
378
385
382
379
383
389
380
485
631
796
951
1108
1260
1391
1502
1590
1654
1688
1689
1660
1600
1516
1401
1273
1130
976
809
656
500
383
381
386
381
388
383
388
381
389
381
403
551
718
869
1030
1174
1329
1445
1552
1625
1676
1694
1679
1637
1565
1468
1341
1204
1055
888
734
580
427
390
387
385
387
387
385
385
388
387
389
484
631
792
951
1105
1260
1392
1502
1595
1655
1690
1691
1663
1602
1520
1403
1275
1128
971
809
657
504
386
379
384
384
389
381
384
379
389
382
400
552
712
871
1031
1179
1332
1445
1550
1625
1675
1691
1681
1629
1564
1455
1340
1196
1057
887
733
580
429
382
386
385
385
385
382
386
388
386
389
484
631
798
956
1107
1257
1394
1505
1594
1660
1689
1689
1663
1602
1520
1406
1273
1130
973
806
657
496
385
380
385
382
386
380
385
383
385
387
400
553
707
873
1031
1177
1328
1447
1550
1627
1677
1688
1679
1631
1563
1460
1339
1199
1052
883
733
575
434
382
386
378
389
375
388
379
386
379
386
483
630
794
954
1106
1261
1393
1502
1590
1659
1690
1692
1661
1604
1517
1403
1274
1132
976
811
655
502
386
383
387
382
381
381
385
387
385
382
392
554
716
873
1032
1179
1327
1449
1550
1626
1677
1691
1679
1634
1564
1464
1341
1203
1054
885
731
576
427
388
386
377
385
379
382
384
385
380
386
476
631
783
954
1101
1257
1388
1503
1596
1657
1689
1693
1660
1604
1520
1404
1273
1132
969
809
657
508
385
387
388
390
384
386
385
387
387
386
395
556
710
873
1031
1183
1331
1448
1550
1626
1678
1692
1682
1632
1564
1459
1339
1203
1057
888
733
578
431
382
383
383
390
384
386
385
386
382
386
480
632
793
954
1103
1253
1390
1500
1588
1657
1680
1690
1655
1603
1513
1409
1272
1131
974
810
658
501
384
390
385
381
390
387
387
377
388
387
399
557
707
877
1030
1180
1329
1449
1550
1628
1675
1691
1681
1634
1562
1463
1339
1202
1052
886
732
578
436
380
386
381
387
384
388
379
386
378
387
479
631
790
953
1104
1263
1390
1503
1586
1656
1684
1692
1658
1603
1514
1403
1267
1131
971
810
649
505
384
386
382
387
387
381
383
382
385
387
391
555
715
873
1031
1179
1327
1451
1550
1631
1676
1696
1680
1636
1564
1466
1340
1203
1055
886
733
577
427
380
382
384
386
387
384
381
384
385
384
482
631
786
953
1104
1258
1390
1504
1592
1655
1686
1693
1659
1603
1515
1406
1269
1133
963
811
650
507
379
386
377
386
380
383
379
383
387
386
392
556
709
875
1028
1184
1329
1450
1550
1629
1674
1695
1682
1633
1564
1461
1336
1203
1056
888
730
576
431
384
390
384
379
384
386
382
387
383
385
482
629
794
954
1102
1251
1391
1502
1589
1657
1684
1692
1661
1603
1516
1408
1267
1133
970
809
651
507
380
385
380
384
383
383
380
385
384
380
392
556
704
876
1032
1179
1330
1450
1550
1625
1677
1693
1682
1637
1564
1467
1340
1205
1057
897
731
579
437
376
386
384
387
381
383
376
385
378
384
481
630
792
952
1105
1250
1392
1503
1588
1658
1686
1692
1657
1603
1517
1413
1270
1132
974
810
650
507
378
383
378
389
379
385
380
383
376
387
383
556
703
871
1032
1180
1327
1452
1551
1629
1677
1694
1683
1636
1565
1466
1340
1204
1055
889
732
581
438
383
385
386
386
381
384
386
384
379
385
481
631
786
956
1105
1258
1390
1504
1586
1654
1687
1690
1658
1601
1515
1406
1272
1132
976
810
652
507
381
386
384
386
379
387
380
386
386
384
389
557
702
876
1024
1181
1313
1449
1545
1628
1675
1694
1683
1635
1563
1470
1346
1206
1056
892
733
582
432
385
389
385
386
387
389
386
383
388
388
484
629
783
955
1104
1253
1391
1502
1591
1655
1686
1693
1661
1603
1517
1409
1271
1132
972
809
654
507
382
387
384
384
382
383
383
382
384
384
386
556
701
874
1026
1176
1326
1450
1546
1625
1672
1696
1677
1636
1557
1468
1336
1203
1054
897
731
582
437
382
388
381
386
384
386
381
390
388
385
484
631
794
954
1109
1251
1395
1502
1590
1657
1687
1690
1660
1604
1516
1413
1270
1130
977
811
652
508
385
387
382
385
379
383
377
389
385
386
385
556
702
869
1027
1180
1321
1451
1546
1627
1673
1694
1676
1636
1561
1468
1337
1204
1051
888
727
581
430
386
381
385
385
389
385
383
386
389
385
485
631
788
958
1107
1255
1393
1502
1592
1655
1691
1691
1664
1602
1522
1406
1274
1133
977
812
653
507
385
383
380
383
384
385
381
388
385
386
383
557
705
875
1027
1179
1317
1450
1547
1628
1672
1695
1676
1633
1560
1467
1340
1202
1052
893
727
581
427
386
381
386
387
386
381
387
378
389
376
485
628
785
955
1105
1254
1394
1503
1592
1657
1688
1692
1663
1603
1519
1409
1274
1131
978
810
656
508
384
388
383
383
386
385
382
384
387
387
391
556
703
875
1028
1179
1327
1450
1549
1625
1676
1692
1679
1634
1561
1468
1337
1204
1054
898
729
580
434
378
380
387
381
386
383
386
382
385
386
487
624
791
948
1106
1245
1393
1498
1590
1658
1689
1691
1662
1605
1519
1414
1272
1129
981
809
655
506
385
384
386
387
387
391
380
389
382
386
389
557
706
869
1028
1180
1321
1451
1548
1628
1675
1693
1678
1637
1563
1469
1339
1204
1054
891
729
582
435
388
383
389
380
388
381
387
383
387
380
484
625
785
949
1106
1251
1392
1502
1591
1652
1690
1683
1660
1597
1518
1404
1273
1132
979
814
656
505
388
387
386
385
380
390
381
388
379
384
391
554
708
875
1033
1180
1319
1450
1546
1625
1676
1694
1679
1634
1562
1468
1345
1204
1053
895
730
581
430
390
383
389
382
385
374
389
381
383
382
485
626
785
950
1105
1249
1395
1498
1592
1652
1688
1686
1663
1599
1517
1405
1274
1124
975
802
656
503
386
385
389
381
388
386
387
388
387
386
395
557
705
876
1029
1180
1328
1450
1551
1625
1677
1693
1680
1635
1563
1470
1338
1203
1054
900
728
582
435
385
382
384
381
385
387
384
384
386
384
483
627
790
947
1108
1247
1391
1500
1591
1653
1690
1687
1665
1603
1518
1410
1274
1126
980
806
656
502
386
372
387
381
385
385
387
385
386
389
387
556
707
868
1032
1179
1323
1447
1550
1623
1676
1694
1683
1636
1566
1469
1344
1204
1054
903
730
579
438
386
382
385
383
387
384
387
381
386
384
483
628
787
951
1106
1248
1388
1502
1590
1651
1689
1688
1661
1601
1520
1408
1275
1128
979
808
655
502
386
383
379
380
382
382
388
376
383
383
390
554
706
864
1030
1179
1319
1450
1549
1627
1675
1695
1682
1639
1564
1469
1346
1205
1059
897
734
582
437
389
379
388
383
385
376
388
377
386
385
483
629
784
951
1106
1248
1393
1501
1591
1652
1690
1690
1664
1601
1519
1409
1273
1129
981
815
655
506
388
378
386
383
386
377
390
383
390
375
385
552
705
870
1032
1174
1319
1445
1551
1621
1678
1688
1681
1629
1565
1466
1351
1204
1056
901
733
581
439
381
391
387
387
380
385
380
389
384
389
485
632
783
952
1106
1251
1391
1503
1593
1655
1691
1688
1665
1603
1521
1412
1275
1129
980
809
656
505
388
382
385
382
382
379
385
386
384
382
388
553
707
864
1030
1178
1323
1447
1550
1623
1676
1690
1680
1634
1564
1466
1343
1199
1054
896
736
575
438
378
385
376
388
384
386
386
385
388
384
484
632
786
954
1107
1250
1385
1503
1591
1656
1691
1694
1663
1606
1520
1413
1277
1130
980
812
655
506
387
382
386
385
381
384
384
387
379
384
388
553
707
860
1031
1178
1319
1448
1550
1623
1677
1692
1680
1635
1565
1465
1349
1201
1057
890
732
577
439
381
385
380
389
378
385
377
382
379
382
473
633
780
952
1105
1250
1393
1503
1591
1653
1689
1692
1665
1605
1520
1412
1275
1131
979
821
657
509
387
385
387
386
387
384
380
382
389
385
388
554
705
871
1030
1179
1320
1446
1550
1625
1677
1692
1681
1633
1563
1467
1352
1199
1055
897
733
579
438
381
385
380
384
379
382
379
384
382
387
480
630
780
948
1102
1252
1385
1504
1583
1656
1680
1690
1664
1606
1521
1412
1276
1132
978
810
655
508
386
386
391
387
385
389
388
387
385
390
389
559
708
868
1035
1180
1324
1447
1551
1622
1676
1692
1683
1635
1565
1466
1344
1203
1056
898
736
578
440
383
386
383
385
384
389
382
384
381
391
480
631
781
954
1102
1250
1380
1503
1587
1654
1685
1692
1657
1604
1515
1412
1272
1132
975
816
654
507
382
389
387
384
385
387
382
389
384
387
387
557
707
864
1031
1184
1321
1450
1552
1626
1677
1690
1681
1636
1565
1467
1349
1202
1056
894
734
579
438
385
387
384
386
384
389
383
381
386
385
479
630
782
951
1106
1252
1388
1504
1585
1653
1684
1691
1659
1603
1516
1412
1267
1131
973
821
648
508
384
384
379
386
384
387
387
385
389
386
384
557
707
873
1032
1180
1320
1449
1550
1625
1677
1695
1680
1637
1565
1469
1352
1201
1056
899
733
579
437
381
388
383
385
384
384
383
387
382
389
482
631
779
947
1104
1252
1387
1504
1586
1655
1686
1692
1661
1605
1518
1414
1270
1132
975
813
649
506
381
385
381
383
380
387
380
388
379
386
380
556
705
867
1031
1180
1322
1451
1550
1624
1676
1693
1681
1637
1566
1468
1345
1204
1055
901
736
581
438
382
384
381
387
378
384
380
388
383
386
482
630
782
954
1102
1250
1384
1503
1589
1654
1685
1692
1662
1603
1516
1412
1274
1131
978
817
653
507
382
390
381
387
380
390
383
383
377
389
384
556
703
864
1025
1182
1312
1450
1546
1627
1675
1694
1681
1639
1563
1467
1348
1204
1057
898
733
581
437
387
379
390
385
383
385
387
385
386
385
482
630
783
951
1105
1250
1391
1504
1589
1654
1687
1691
1662
1603
1516
1412
1270
1132
978
821
655
508
382
382
386
389
380
386
385
384
387
382
390
560
703
872
1027
1180
1315
1449
1546
1626
1673
1693
1679
1636
1563
1470
1346
1205
1050
902
726
581
431
383
379
386
385
386
386
383
385
382
386
485
631
783
946
1107
1251
1389
1502
1592
1657
1691
1691
1664
1605
1518
1413
1271
1131
978
811
652
507
383
389
383
387
382
389
383
386
383
388
388
557
703
865
1027
1180
1315
1443
1550
1625
1674
1695
1681
1637
1563
1469
1349
1208
1050
902
731
582
433
386
386
390
380
384
381
389
381
388
380
485
628
784
938
1106
1252
1384
1504
1593
1655
1690
1694
1666
1607
1691
1686
1648
1583
1487
1372
1240
1083
928
772
616
463
391
386
381
385
383
386
382
388
382
388
448
598
758
914
1074
1227
1360
1477
1573
1644
1682
1694
1666
1620
1533
1432
1305
1168
1005
850
691
534
392
386
384
390
384
385
385
386
378
386
381
521
676
837
989
1147
1291
1423
1522
1616
1661
1692
1684
1648
1585
1490
1374
1239
1085
929
771
610
462
389
390
385
389
389
389
390
387
386
386
451
594
758
915
1068
1228
1360
1477
1571
1645
1682
1693
1670
1619
1539
1431
1305
1168
1011
849
691
537
397
388
383
384
384
385
384
384
383
385
385
520
676
837
988
1145
1292
1422
1523
1614
1663
1690
1684
1648
1580
1495
1367
1240
1086
929
766
614
458
379
390
381
384
386
385
385
389
386
387
450
593
753
914
1070
1226
1363
1478
1578
1645
1685
1692
1672
1620
1540
1431
1306
1167
1003
852
692
545
397
385
383
384
383
390
381
382
384
386
382
520
671
836
988
1150
1294
1423
1524
1612
1666
1692
1683
1650
1582
1487
1369
1238
1090
930
766
617
458
387
381
385
380
389
378
385
383
389
382
450
597
758
917
1069
1222
1364
1479
1573
1645
1685
1694
1670
1622
1544
1437
1311
1168
1012
850
696
535
395
387
384
387
387
384
379
387
384
386
377
520
667
835
990
1145
1295
1423
1527
1616
1666
1693
1685
1650
1580
1490
1370
1239
1084
927
768
618
461
387
379
390
380
388
381
386
380
385
374
449
585
757
909
1068
1226
1362
1479
1572
1644
1682
1693
1671
1621
1542
1431
1308
1168
1014
849
693
539
400
381
385
384
386
386
381
378
386
386
383
520
678
835
990
1144
1292
1423
1526
1614
1666
1691
1684
1650
1582
1494
1371
1240
1088
927
768
617
459
387
382
388
386
385
384
387
382
387
382
450
587
753
912
1070
1219
1363
1470
1577
1640
1684
1693
1671
1621
1541
1433
1308
1169
1006
850
694
545
397
387
383
384
380
385
385
387
387
390
387
520
675
838
992
1149
1295
1423
1527
1611
1667
1690
1684
1649
1582
1486
1370
1239
1091
929
767
619
461
388
383
385
382
384
381
388
383
385
376
451
592
756
911
1070
1216
1361
1473
1573
1643
1684
1689
1672
1617
1544
1432
1309
1162
1010
843
693
529
393
381
387
384
384
386
390
385
383
385
385
518
670
833
993
1145
1298
1422
1530
1615
1667
1692
1685
1649
1583
1491
1371
1239
1087
929
768
619
464
386
384
387
386
386
384
387
384
386
386
452
590
758
911
1067
1225
1363
1474
1571
1640
1684
1690
1672
1615
1541
1428
1308
1164
1015
844
694
535
399
381
387
378
386
383
390
386
385
388
386
519
679
837
993
1145
1294
1425
1528
1615
1670
1693
1689
1648
1588
1496
1375
1240
1092
928
769
617
458
382
388
387
387
381
388
386
388
388
384
450
592
753
915
1070
1221
1363
1474
1578
1642
1683
1691
1673
1617
1543
1429
1308
1164
1007
845
693
537
400
383
385
378
386
381
387
377
384
374
385
518
672
836
993
1148
1298
1424
1528
1613
1670
1694
1686
1650
1585
1487
1375
1242
1094
932
772
618
463
387
387
384
382
381
386
381
383
386
387
449
593
759
913
1069
1217
1363
1476
1572
1642
1686
1693
1671
1618
1542
1435
1307
1167
1012
847
693
532
396
383
381
382
388
383
383
382
389
380
380
515
668
828
992
1140
1295
1422
1530
1615
1669
1692
1688
1649
1585
1490
1371
1239
1089
929
771
617
469
385
383
386
389
387
380
387
380
389
382
449
592
756
913
1069
1226
1361
1475
1570
1642
1683
1690
1672
1619
1541
1428
1308
1166
1015
848
696
536
401
378
389
383
389
379
384
382
386
381
382
512
676
831
993
1138
1292
1417
1529
1609
1670
1687
1686
1648
1584
1496
1374
1241
1092
930
772
618
461
385
380
383
380
386
386
386
383
385
390
452
593
752
917
1069
1223
1365
1475
1570
1642
1684
1692
1672
1618
1544
1432
1307
1167
1020
848
694
545
402
382
385
382
385
382
385
384
386
382
384
517
673
835
993
1140
1291
1420
1527
1609
1670
1688
1688
1643
1585
1491
1380
1235
1095
926
771
610
464
379
385
381
381
389
386
388
387
389
385
451
594
746
915
1070
1219
1361
1479
1570
1645
1683
1695
1675
1622
1545
1437
1308
1165
1014
852
696
543
403
383
385
384
389
382
384
386
385
383
388
518
669
831
992
1141
1297
1419
1527
1607
1669
1691
1686
1645
1585
1487
1374
1235
1094
933
771
614
467
381
388
378
380
380
388
384
381
385
380
451
595
757
914
1069
1216
1361
1475
1571
1643
1683
1692
1670
1621
1543
1440
1308
1169
1015
850
693
539
399
383
388
381
384
379
391
381
391
383
385
516
668
828
993
1140
1293
1421
1528
1611
1669
1690
1688
1646
1583
1492
1374
1236
1092
924
776
612
473
383
389
376
384
373
387
379
386
373
388
446
593
748
916
1070
1224
1363
1478
1572
1642
1685
1695
1674
1620
1542
1434
1308
1169
1017
853
694
544
402
383
387
382
385
383
383
383
386
380
383
519
671
835
993
1139
1289
1421
1528
1609
1669
1689
1688
1647
1585
1493
1378
1237
1095
929
770
615
463
384
387
382
386
383
385
385
385
378
386
444
594
741
915
1062
1218
1355
1478
1566
1645
1683
1694
1674
1620
1544
1440
1310
1169
1014
850
697
544
403
386
386
386
383
386
387
386
386
386
387
521
668
836
991
1142
1296
1420
1529
1608
1668
1691
1688
1648
1584
1491
1374
1236
1095
937
769
616
469
382
390
384
383
383
387
383
381
385
390
448
593
754
914
1065
1217
1356
1477
1570
1642
1680
1694
1664
1619
1537
1441
1303
1167
1012
849
692
543
400
389
388
387
387
388
385
386
386
387
384
519
669
830
993
1146
1292
1423
1529
1613
1667
1692
1688
1647
1585
1492
1375
1238
1094
925
770
615
472
382
384
382
388
377
387
382
388
377
384
448
593
747
917
1066
1223
1357
1478
1567
1642
1679
1695
1670
1621
1541
1431
1304
1169
1012
852
686
546
395
386
382
384
387
388
389
395
384
387
386
519
670
836
992
1143
1289
1423
1530
1613
1673
1692
1685
1646
1585
1493
1378
1238
1095
932
773
617
466
384
386
382
385
381
383
383
385
385
386
448
595
743
912
1066
1218
1358
1478
1570
1647
1681
1692
1669
1620
1540
1439
1303
1169
1009
850
689
545
397
387
379
385
378
386
380
388
379
386
381
520
668
836
995
1144
1296
1422
1527
1609
1670
1690
1688
1650
1585
1496
1375
1241
1095
936
770
616
470
384
387
384
385
387
385
388
389
381
386
447
594
752
916
1066
1214
1355
1477
1568
1643
1682
1693
1669
1621
1540
1440
1303
1166
1011
850
690
544
394
384
382
384
383
385
382
384
381
387
386
521
671
829
990
1143
1292
1423
1529
1611
1666
1692
1688
1650
1584
1495
1374
1240
1094
929
771
617
472
383
388
382
385
379
388
382
381
383
390
449
592
747
915
1066
1221
1358
1477
1569
1640
1681
1694
1671
1620
1540
1435
1304
1169
1012
851
687
543
396
388
379
387
383
389
378
388
384
389
383
519
670
839
992
1145
1287
1424
1528
1611
1669
1691
1688
1648
1585
1496
1379
1240
1095
935
772
621
466
386
386
385
387
382
384
382
387
384
389
446
592
743
915
1065
1218
1359
1479
1570
1644
1681
1694
1671
1619
1538
1439
1305
1169
1010
850
690
545
396
389
381
386
383
386
380
390
379
388
373
521
660
835
987
1145
1297
1423
1527
1610
1670
1695
1687
1650
1584
1493
1374
1239
1096
941
772
621
471
394
385
389
389
385
387
386
388
380
383
447
592
752
915
1066
1215
1356
1476
1569
1641
1682
1694
1670
1619
1539
1440
1307
1168
1014
849
689
544
395
387
382
387
384
386
381
386
385
385
383
521
663
828
985
1143
1283
1425
1519
1613
1665
1692
1687
1650
1584
1496
1375
1239
1094
930
771
619
473
381
387
383
389
386
384
387
387
385
386
446
594
745
915
1067
1219
1360
1477
1570
1640
1680
1692
1671
1618
1542
1435
1306
1168
1016
853
691
544
398
387
381
390
378
384
387
388
381
380
381
522
664
836
988
1146
1284
1422
1523
1610
1662
1691
1680
1653
1580
1496
1376
1239
1093
938
771
618
472
389
387
387
388
389
384
389
386
385
385
452
594
748
914
1070
1216
1362
1480
1571
1642
1683
1695
1672
1620
1540
1439
1305
1169
1016
858
690
545
399
387
382
385
379
387
386
387
383
385
386
519
665
833
986
1144
1281
1422
1523
1609
1666
1692
1683
1649
1578
1495
1374
1239
1085
940
769
619
470
387
388
387
383
380
380
384
387
386
379
450
593
744
910
1068
1213
1359
1476
1572
1644
1684
1693
1674
1620
1540
1443
1307
1168
1016
849
697
545
403
386
383
380
384
383
384
383
388
380
387
522
666
830
990
1144
1288
1422
1523
1609
1663
1692
1683
1651
1579
1497
1372
1239
1088
941
767
619
465
385
378
389
382
386
379
385
386
386
385
451
594
746
915
1069
1216
1354
1480
1572
1643
1684
1693
1675
1620
1543
1442
1313
1168
1017
856
692
546
402
385
385
389
383
386
383
387
383
387
383
519
667
824
991
1144
1284
1423
1525
1610
1667
1692
1686
1654
1584
1493
1377
1239
1092
935
767
618
467
388
382
382
382
388
384
386
378
387
382
449
585
745
912
1069
1217
1360
1478
1572
1640
1683
1696
1675
1620
1542
1439
1308
1168
1019
859
693
545
405
390
387
384
385
384
382
382
384
388
381
520
666
831
989
1143
1283
1421
1526
1609
1664
1691
1685
1649
1583
1497
1380
1240
1092
941
767
618
467
384
379
390
378
388
377
392
376
389
379
450
590
745
907
1069
1211
1359
1472
1572
1637
1683
1687
1674
1617
1543
1441
1310
1168
1019
851
695
545
406
387
386
386
388
386
386
386
386
385
387
520
670
826
993
1143
1287
1421
1526
1609
1664
1692
1685
1650
1585
1495
1374
1240
1090
942
770
619
470
386
383
386
381
385
382
386
387
386
378
450
590
746
910
1070
1212
1355
1474
1571
1635
1684
1691
1672
1613
1543
1435
1315
1163
1020
851
694
544
402
382
385
390
385
385
384
388
386
385
385
518
667
822
991
1143
1285
1422
1529
1609
1668
1690
1686
1653
1582
1495
1378
1239
1092
935
768
618
468
384
383
384
385
391
382
387
382
380
383
446
591
744
910
1070
1213
1358
1475
1570
1635
1681
1689
1674
1615
1542
1438
1307
1166
1017
856
694
539
402
378
387
380
384
381
386
387
392
386
384
520
667
832
992
1146
1284
1422
1529
1610
1668
1696
1687
1650
1586
1495
1384
1240
1095
943
772
617
469
386
382
387
381
382
385
387
386
389
384
450
591
746
906
1069
1214
1358
1474
1572
1640
1684
1690
1675
1617
1541
1437
1311
1165
1018
847
694
539
404
379
389
382
389
381
389
378
392
376
391
514
669
820
993
1141
1289
1421
1527
1610
1663
1693
1687
1651
1585
1494
1378
1240
1092
942
774
619
472
382
389
384
391
385
386
382
388
387
384
451
590
747
914
1069
1213
1352
1476
1570
1638
1683
1690
1674
1617
1542
1439
1316
1165
1018
854
694
540
404
386
387
386
383
380
384
382
388
380
386
514
668
817
991
1136
1286
1414
1528
1606
1668
1689
1687
1653
1584
1494
1381
1241
1095
938
772
619
473
389
387
386
384
387
385
389
387
386
386
447
593
744
911
1070
1213
1360
1475
1572
1637
1683
1690
1673
1617
1541
1439
1308
1164
1019
859
694
540
404
381
388
382
388
384
384
382
384
383
381
515
669
828
988
1139
1284
1416
1528
1605
1668
1686
1689
1649
1585
1493
1382
1241
1094
941
771
616
472
388
385
385
387
388
382
385
388
390
385
442
592
746
906
1069
1214
1357
1476
1572
1638
1683
1692
1672
1618
1543
1439
1309
1165
1019
859
696
540
405
384
387
383
388
381
391
382
388
379
382
513
668
820
991
1139
1284
1411
1527
1603
1666
1684
1687
1647
1584
1493
1381
1246
1094
942
774
619
473
387
391
387
385
383
389
386
386
385
387
450
594
746
902
1070
1214
1352
1477
1572
1638
1685
1691
1675
1621
1543
1440
1315
1167
1017
853
693
541
405
383
386
382
386
383
386
381
386
379
386
514
670
818
991
1138
1286
1419
1528
1606
1664
1686
1685
1646
1586
1485
1381
1235
1094
939
780
618
474
385
385
384
390
384
387
379
388
388
385
446
593
747
916
1069
1217
1352
1474
1571
1639
1682
1691
1674
1619
1542
1439
1319
1166
1017
857
694
543