3953
1699
8
2281
3956
1698
13
2274
3961
1694
12
2277
3958
1698
7
2282
3957
1692
14
2277
3963
1688
15
2280
3957
1693
11
2284
3960
1685
18
2280
3960
1687
12
2290
3954
1687
14
2284
3963
1683
15
2289
3955
1687
10
2293
3957
1680
17
2288
3960
1678
16
2293
3954
1684
13
2297
3959
1674
18
2292
3958
1677
14
2301
3954
1676
18
2293
3961
1672
17
2299
3957
1674
11
2303
3958
1668
22
2298
3960
1669
17
2307
3951
1671
10
2306
3956
1665
23
2301
3962
1667
14
2314
3950
1667
16
2308
3960
1660
19
2309
3955
1662
17
2313
3956
1659
22
2309
3958
1658
16
2317
3950
1662
20
2310
3958
1653
21
2314
3953
1660
16
2319
3955
1651
24
2319
3953
1657
16
2325
3953
1652
18
2323
3956
1648
19
2328
3948
1653
18
2326
3953
1645
25
2321
3956
1644
19
2332
3947
1650
19
2326
3958
1638
21
2333
3948
1646
17
2330
3955
1641
21
2331
3951
1639
16
2340
3947
1641
19
2333
3954
1632
25
2335
3948
1641
17
2337
3949
1630
28
2334
3955
1632
20
2344
3946
1633
27
2336
3953
1628
23
2344
3948
1629
24
2343
3954
1624
28
2341
3949
1630
21
2351
3943
1631
21
2344
3955
1616
27
2354
3942
1627
24
2351
3953
1615
29
2351
3947
1624
20
2354
3948
1617
26
2355
3947
1614
25
2358
3943
1620
21
2357
3950
1610
32
2356
3945
1618
23
2363
3945
1611
28
2359
3951
1607
27
2368
3941
1613
27
2362
3947
1608
28
2365
3943
1604
22
2372
3942
1604
30
2366
3949
1599
31
2369
3942
1606
25
2372
3946
1595
33
2366
3943
1604
24
2379
3941
1599
32
2370
3949
1594
29
2376
3943
1595
31
2376
3945
1591
34
2374
3946
1593
26
2383
3938
1596
30
2378
3948
1584
33
2385
3938
1595
28
2383
3943
1585
36
2382
3943
1588
29
2388
3941
1586
32
2388
3941
1578
37
2387
3939
1588
30
2395
3937
1585
32
2388
3948
1577
35
2395
3938
1585
28
2395
3943
1572
39
2391
3940
1579
29
2401
3939
1576
34
2399
3939
1573
36
2399
3937
1576
29
2405
3935
1571
36
2396
3944
1567
37
2406
3932
1572
34
2404
3940
1564
40
2403
3938
1567
31
2411
3933
1567
36
2410
3937
1563
37
2410
3934
1566
34
2413
3934
1560
40
2408
3943
1554
37
2418
3932
1562
36
2413
3938
1552
44
2414
3933
1559
34
2422
3933
1554
41
2417
3935
1553
39
2419
3932
1556
37
2422
3936
1546
44
2418
3937
1550
36
2430
3929
1550
42
2422
3937
1540
43
2428
3927
1550
37
2430
3934
1538
46
2425
3932
1543
41
2431
3931
1540
43
2430
3934
1536
46
2431
3930
1541
37
2439
3929
1536
46
2431
3935
1533
41
2442
3925
1538
42
2438
3934
1529
46
2437
3929
1537
43
2441
3929
1532
44
2440
3933
1527
44
2445
3926
1533
40
2447
3930
1525
51
2442
3930
1527
41
2452
3926
1525
49
2444
3933
1519
49
2451
3922
1527
42
2452
3926
1520
47
2453
3926
1518
46
2458
3922
1522
46
2454
3929
1512
54
2453
3926
1518
44
2465
3921
1515
53
2453
3929
1510
48
2463
3921
1516
46
2464
3925
1510
50
2463
3924
1507
43
2469
3920
1508
50
2463
3929
1501
54
2465
3922
1509
45
2471
3921
1501
55
2465
3925
1503
47
2476
3918
1504
51
2469
3925
1495
53
2474
3922
1499
51
2474
3918
1497
57
2471
3925
1490
55
2479
3916
1498
47
2480
3920
1488
59
2475
3921
1493
50
2485
3916
1491
53
2480
3924
1484
54
2484
3919
1488
55
2486
3918
1483
60
2482
3920
1485
53
2490
3913
1488
53
2488
3921
1476
60
2490
3916
1486
52
2494
3917
1475
61
2488
3919
1476
56
2499
3915
1476
58
2496
3915
1476
62
2496
3913
1477
53
2503
3911
1474
59
2497
3921
1468
59
2502
3911
1477
57
2501
3916
1465
64
2499
3914
1471
55
2511
3910
1467
61
2506
3913
1467
60
2505
3907
1470
58
2510
3913
1460
65
2505
3915
1462
61
2513
3907
1464
61
2509
3915
1454
65
2513
3908
1463
58
2518
3908
1454
67
2516
3909
1456
63
2517
3908
1457
61
2520
3911
1449
70
2517
3912
1451
61
2527
3905
1455
63
2520
3912
1444
68
2525
3905
1453
62
2528
3908
1443
71
2523
3907
1446
67
2528
3906
1444
66
2526
3910
1439
69
2528
3906
1443
63
2537
3901
1441
73
2527
3910
1437
68
2537
3900
1442
68
2535
3908
1429
74
2536
3902
1436
68
2539
3904
1434
70
2537
3907
1429
71
2543
3899
1435
68
2546
3903
1427
74
2537
3904
1428
67
2551
3897
1429
70
2544
3905
1423
74
2549
3899
1429
68
2549
3900
1423
72
2550
3901
1421
69
2555
3896
1424
71
2552
3902
1414
80
2550
3899
1421
70
2560
3894
1416
78
2551
3904
1413
73
2560
3895
1418
73
2560
3898
1413
76
2560
3898
1412
71
2564
3894
1411
77
2559
3901
1403
79
2566
3895
1411
71
2569
3896
1401
83
2562
3896
1407
74
2573
3891
1405
78
2566
3898
1401
80
2570
3893
1402
79
2573
3892
1397
86
2567
3896
1398
80
2577
3887
1401
79
2570
3896
1390
86
2575
3891
1397
74
2580
3890
1391
89
2573
3894
1390
80
2580
3890
1392
82
2584
3892
1384
84
2582
3891
1388
80
2590
3886
1388
84
2581
3895
1383
85
2590
3885
1390
81
2586
3894
1380
89
2589
3887
1385
81
2595
3887
1381
86
2593
3889
1379
87
2595
3882
1382
81
2597
3887
1374
91
2591
3890
1374
84
2602
3881
1377
88
2595
3891
1369
91
2599
3883
1376
85
2603
3884
1370
90
2602
3885
1368
86
2607
3878
1371
88
2604
3887
1363
96
2603
3884
1368
87
2612
3878
1367
91
2604
3890
1361
90
2613
3876
1366
89
2612
3884
1356
96
2613
3880
1360
92
2616
3880
1359
95
2611
3886
1350
96
2617
3877
1360
88
2623
3880
1351
99
2615
3882
1353
92
2625
3876
1354
96
2619
3883
1346
99
2623
3878
1349
97
2624
3878
1347
100
2621
3880
1345
96
2630
3872
1351
93
2627
3881
1340
101
2627
3875
1349
91
2634
3874
1338
103
2626
3877
1339
98
2638
3869
1339
98
2634
3873
1337
99
2632
3871
1339
95
2641
3869
1336
103
2635
3877
1329
100
2644
3866
1338
99
2640
3875
1325
107
2637
3869
1334
97
2647
3869
1328
105
2644
3871
1328
103
2647
3868
1330
98
2648
3867
1322
108
2644
3873
1320
105
2654
3864
1326
105
2648
3872
1316
108
2651
3864
1319
103
2657
3866
1315
112
2649
3867
1317
107
2656
3866
1317
107
2654
3870
1311
112
2655
3866
1316
103
2664
3859
1312
110
2655
3870
1307
109
2664
3860
1314
107
2661
3866
1306
116
2661
3864
1309
110
2666
3862
1306
111
2663
3867
1301
112
2667
3858
1309
107
2672
3858
1302
116
2664
3865
1297
111
2676
3855
1304
112
2670
3860
1296
118
2672
3857
1301
110
2676
3858
1296
114
2678
3859
1293
113
2684
3854
1296
112
2682
3859
1288
124
2678
3856
1294
112
2688
3854
1289
122
2677
3860
1286
116
2689
3849
1291
117
2684
3857
1286
120
2688
3855
1285
116
2692
3850
1286
119
2687
3857
1278
124
2690
3852
1286
113
2694
3853
1276
128
2688
3853
1280
117
2698
3848
1281
122
2692
3857
1274
123
2697
3851
1274
123
2702
3850
1270
128
2695
3854
1269
125
2702
3845
1277
123
2701
3852
1265
129
2701
3849
1272
121
2708
3843
1268
130
2700
3851
1264
128
2708
3847
1265
128
2709
3847
1259
133
2705
3848
1262
126
2714
3840
1265
130
2710
3847
1255
133
2713
3840
1264
127
2715
3845
1254
136
2712
3844
1255
127
2722
3844
1254
131
2719
3842
1252
134
2719
3840
1258
127
2723
3840
1251
135
2716
3847
1248
130
2726
3835
1253
132
2723
3843
1245
139
2722
3839
1249
131
2730
3837
1243
136
2728
3838
1243
135
2731
3834
1247
133
2731
3836
1240
140
2727
3841
1241
136
2737
3831
1242
137
2732
3842
1234
139
2737
3832
1240
135
2739
3836
1232
143
2738
3836
1234
140
2739
3831
1236
139
2738
3837
1225
144
2740
3833
1231
136
2747
3831
1227
148
2738
3837
1225
140
2749
3827
1230
141
2745
3836
1220
148
2747
3830
1223
145
2751
3829
1221
149
2745
3835
1218
146
2752
3826
1225
140
2755
3829
1217
153
2749
3828
1219
142
2759
3826
1215
149
2752
3833
1213
149
2759
3821
1214
148
2760
3826
1214
148
2757
3827
1212
146
2766
3820
1212
147
2763
3829
1202
154
2763
3823
1211
145
2770
3821
1205
154
2762
3826
1202
149
2772
3818
1208
152
2770
3821
1204
154
2770
3819
1204
149
2775
3817
1202
154
2768
3824
1195
158
2776
3816
1205
149
2776
3822
1192
160
2773
3817
1198
151
2781
3815
1194
160
2775
3817
1192
157
2779
3816
1193
153
2784
3816
1187
162
2777
3820
1185
158
2786
3810
1192
158
2783
3820
1181
164
2785
3812
1187
156
2792
3811
1181
165
2785
3818
1183
161
2791
3811
1183
161
2791
3814
1176
165
2789
3813
1178
159
2798
3804
1180
164
2789
3815
1171
166
2795
3806
1181
161
2798
3811
1169
167
2795
3809
1175
164
2799
3808
1173
166
2800
3813
1166
169
2801
3805
1174
163
2807
3804
1168
170
2798
3810
1166
166
2808
3800
1170
167
2806
3809
1159
172
2806
3802
1166
167
2813
3802
1163
172
2810
3803
1159
171
2816
3799
1162
169
2815
3802
1155
177
2809
3800
1159
170
2821
3797
1158
174
2813
3806
1151
175
2823
3794
1158
170
2821
3800
1151
174
2820
3798
1152
175
2824
3794
1152
176
2820
3803
1143
179
2822
3796
1150
172
2828
3797
1145
182
2822
3799
1145
175
2831
3791
1148
177
2828
3797
1138
181
2830
3793
1141
180
2831
3791
1140
184
2827
3799
1136
184
2832
3787
1143
178
2836
3794
1133
187
2832
3792
1138
178
2842
3787
1136
186
2833
3792
1130
185
2841
3790
1131
184
2840
3790
1126
190
2838
3790
1129
183
2848
3783
1132
184
2843
3790
1122
188
2845
3784
1130
180
2850
3786
1120
193
2844
3790
1122
184
2852
3781
1122
189
2851
3784
1122
190
2850
3782
1124
185
2857
3780
1120
194
2849
3786
1111
191
2857
3778
1120
189
2859
3785
1110
197
2857
3780
1115
190
2864
3777
1113
193
2859
3780
1113
193
2860
3774
1115
192
2864
3779
1106
200
2858
3780
1109
193
2870
3774
1110
196
2862
3782
1100
200
2872
3770
1110
194
2869
3776
1100
202
2867
3774
1102
198
2872
3773
1099
199
2871
3777
1095
205
2871
3772
1099
196
2880
3768
1098
204
2871
3777
1095
201
2881
3766
1098
202
2876
3774
1087
208
2879
3768
1093
205
2881
3770
1090
203
2877
3773
1088
204
2886
3764
1094
201
2886
3768
1083
211
2880
3768
1089
202
2891
3762
1085
211
2883
3771
1081
207
2889
3762
1090
207
2890
3764
1081
209
2891
3765
1079
209
2898
3759
1084
206
2895
3764
1073
216
2891
3764
1080
207
2901
3759
1074
217
2894
3764
1073
212
2902
3756
1075
212
2899
3761
1072
214
2901
3759
1070
210
2907
3753
1071
216
2901
3763
1064
218
2903
3755
1072
212
2908
3759
1062
223
2901
3756
1066
215
2914