3948
1678
16
2293
3954
1685
15
2291
3960
1680
16
2289
3958
1680
10
2298
3954
1678
15
2295
3959
1671
19
2294
3957
1676
13
2301
3955
1672
18
2295
3960
1669
16
2303
3953
1674
14
2300
3959
1666
17
2303
3956
1670
13
2311
3953
1669
18
2305
3960
1661
20
2308
3953
1668
12
2313
3953
1661
20
2307
3958
1660
17
2316
3950
1661
19
2312
3958
1654
20
2315
3954
1659
11
2320
3953
1653
22
2314
3957
1651
21
2320
3950
1656
13
2326
3950
1653
22
2317
3959
1651
16
2327
3948
1655
16
2325
3957
1644
24
2323
3953
1647
20
2330
3951
1647
23
2324
3956
1642
21
2331
3949
1648
19
2328
3954
1638
23
2329
3952
1643
16
2336
3950
1636
25
2329
3953
1639
19
2340
3951
1636
22
2338
3954
1631
24
2341
3947
1637
19
2344
3948
1632
26
2339
3954
1627
26
2344
3946
1635
19
2343
3954
1622
27
2344
3946
1632
19
2347
3950
1626
23
2346
3950
1624
20
2354
3944
1627
22
2352
3950
1617
30
2349
3949
1624
20
2354
3945
1617
30
2349
3953
1614
27
2359
3942
1618
26
2355
3951
1611
28
2358
3948
1614
27
2362
3949
1608
31
2357
3947
1610
25
2367
3940
1615
23
2363
3950
1603
33
2367
3941
1611
23
2367
3946
1601
31
2364
3945
1606
24
2370
3945
1603
28
2370
3944
1598
30
2370
3943
1605
25
2376
3943
1595
34
2370
3944
1601
25
2381
3939
1598
27
2375
3947
1590
30
2380
3937
1599
26
2381
3943
1592
29
2379
3942
1590
25
2388
3938
1591
30
2383
3947
1583
36
2380
3946
1590
28
2392
3939
1581
37
2382
3944
1586
27
2395
3936
1584
32
2387
3948
1577
32
2391
3939
1579
33
2392
3940
1579
37
2388
3944
1576
34
2397
3935
1582
30
2396
3943
1569
38
2395
3937
1577
31
2401
3937
1571
38
2396
3942
1571
34
2402
3938
1570
33
2404
3938
1562
42
2401
3938
1568
34
2410
3932
1570
32
2404
3941
1561
40
2407
3935
1568
30
2413
3937
1560
43
2406
3939
1562
35
2416
3936
1560
37
2414
3936
1558
41
2412
3936
1560
34
2421
3930
1559
38
2415
3938
1550
42
2418
3930
1557
35
2422
3933
1550
42
2418
3936
1550
38
2427
3930
1553
40
2424
3934
1548
40
2424
3933
1550
35
2431
3929
1546
41
2425
3939
1540
39
2432
3928
1548
37
2432
3933
1537
48
2427
3934
1543
38
2438
3926
1539
43
2433
3931
1538
43
2434
3929
1541
38
2440
3929
1533
47
2432
3934
1533
43
2445
3924
1536
42
2438
3933
1525
47
2440
3925
1535
40
2446
3928
1526
48
2440
3930
1526
45
2446
3929
1526
44
2446
3929
1521
50
2445
3929
1523
42
2453
3922
1523
47
2447
3931
1516
49
2455
3922
1525
43
2455
3927
1514
51
2451
3928
1519
47
2456
3926
1516
48
2456
3930
1511
50
2458
3923
1517
44
2464
3923
1511
53
2457
3928
1508
47
2465
3918
1509
50
2461
3927
1504
53
2462
3923
1511
44
2469
3923
1504
49
2469
3922
1502
52
2472
3920
1507
47
2473
3922
1498
55
2468
3924
1499
47
2479
3916
1500
53
2469
3926
1493
54
2475
3918
1500
48
2480
3920
1495
54
2479
3919
1492
49
2484
3915
1496
52
2480
3921
1487
59
2478
3920
1491
50
2488
3917
1488
56
2480
3923
1484
56
2488
3912
1490
53
2486
3921
1479
56
2489
3919
1484
55
2490
3912
1484
59
2488
3921
1475
61
2491
3915
1482
50
2497
3915
1475
62
2491
3920
1473
56
2501
3910
1479
56
2495
3921
1469
61
2499
3915
1472
58
2502
3914
1469
63
2496
3917
1468
61
2503
3910
1474
55
2506
3916
1462
67
2502
3914
1469
56
2511
3911
1463
64
2505
3916
1462
62
2511
3912
1462
61
2510
3911
1460
67
2508
3912
1461
58
2517
3907
1462
60
2514
3917
1453
66
2515
3907
1462
59
2519
3909
1451
68
2513
3912
1453
59
2526
3905
1453
64
2522
3909
1450
64
2520
3904
1455
60
2525
3906
1447
69
2521
3911
1444
67
2528
3902
1450
64
2527
3911
1440
71
2527
3906
1445
64
2533
3902
1441
70
2531
3905
1441
68
2532
3904
1443
63
2537
3904
1435
72
2531
3909
1434
67
2541
3901
1442
64
2536
3906
1428
74
2539
3904
1436
64
2545
3901
1429
73
2536
3906
1430
72
2542
3899
1428
67
2543
3905
1425
76
2540
3904
1426
68
2551
3896
1426
73
2544
3906
1419
75
2550
3896
1426
69
2550
3904
1417
78
2550
3901
1420
73
2554
3900
1419
74
2551
3903
1413
76
2553
3896
1421
70
2561
3895
1414
76
2551
3904
1411
74
2563
3892
1416
72
2560
3900
1403
80
2559
3896
1413
73
2564
3895
1408
76
2565
3898
1403
76
2569
3892
1409
74
2570
3894
1401
84
2563
3896
1404
76
2575
3889
1405
80
2565
3899
1395
82
2573
3890
1403
77
2578
3894
1398
80
2575
3893
1397
78
2580
3889
1399
80
2576
3896
1391
85
2576
3890
1396
78
2584
3889
1390
87
2576
3895
1389
80
2586
3888
1393
81
2581
3893
1386
86
2586
3890
1387
83
2590
3886
1383
88
2582
3892
1380
87
2590
3884
1387
81
2591
3889
1375
91
2587
3890
1382
79
2597
3884
1378
91
2590
3890
1375
88
2595
3885
1375
87
2598
3887
1371
90
2595
3888
1372
85
2603
3881
1375
86
2599
3889
1365
94
2600
3882
1375
85
2604
3886
1367
94
2601
3885
1368
86
2612
3882
1366
89
2606
3883
1363
93
2607
3880
1369
86
2613
3879
1362
94
2608
3886
1357
91
2617
3876
1364
89
2611
3884
1353
98
2611
3879
1358
87
2621
3876
1356
94
2617
3878
1354
92
2622
3874
1358
91
2622
3879
1350
98
2617
3881
1351
94
2624
3872
1352
94
2620
3883
1344
96
2626
3874
1352
91
2627
3876
1343
100
2627
3875
1344
97
2631
3875
1346
94
2626
3880
1334
102
2629
3881
1342
95
2638
3873
1336
103
2630
3879
1335
99
2639
3871
1339
98
2635
3876
1330
104
2636
3872
1335
101
2639
3871
1332
103
2636
3875
1328
103
2643
3868
1336
99
2644
3872
1326
108
2639
3872
1330
96
2651
3867
1325
107
2641
3874
1325
104
2651
3864
1325
103
2648
3870
1323
103
2645
3870
1322
102
2657
3864
1323
105
2651
3869
1314
108
2655
3863
1324
103
2658
3867
1314
111
2652
3867
1316
104
2662
3861
1314
108
2658
3864
1314
109
2660
3863
1314
104
2666
3862
1311
111
2658
3868
1305
112
2666
3860
1314
108
2664
3865
1302
116
2664
3862
1308
107
2672
3859
1302
116
2665
3862
1302
113
2670
3862
1303
111
2671
3864
1296
118
2668
3863
1298
111
2679
3853
1299
113
2672
3865
1291
118
2677
3857
1299
109
2681
3858
1291
121
2674
3862
1293
117
2680
3856
1292
117
2679
3860
1285
123
2680
3855
1292
112
2689
3851
1290
119
2681
3860
1282
119
2689
3849
1290
114
2687
3856
1279
126
2685
3854
1286
114
2690
3853
1281
121
2691
3856
1276
121
2697
3848
1282
118
2698
3851
1275
129
2692
3854
1277
118
2702
3847
1277
125
2694
3855
1268
125
2701
3845
1278
120
2701
3850
1272
124
2702
3850
1270
124
2705
3843
1273
122
2704
3851
1265
130
2702
3846
1269
121
2709
3844
1264
131
2702
3849
1263
125
2712
3841
1266
127
2707
3850
1261
129
2712
3845
1260
129
2718
3841
1260
131
2711
3850
1253
133
2716
3842
1261
127
2719
3845
1251
136
2714
3845
1254
128
2723
3839
1254
131
2717
3846
1248
136
2722
3842
1251
133
2723
3839
1246
138
2719
3845
1245
134
2726
3836
1250
133
2727
3842
1240
142
2725
3838
1247
130
2732
3837
1240
139
2726
3843
1240
135
2736
3837
1240
137
2732
3837
1237
142
2732
3837
1241
134
2739
3832
1238
139
2732
3842
1233
140
2739
3830
1240
134
2741
3835
1230
145
2735
3837
1233
135
2747
3830
1231
142
2743
3831
1229
141
2744
3830
1232
138
2750
3828
1228
145
2742
3836
1223
145
2751
3826
1230
142
2749
3834
1218
148
2750
3829
1225
142
2754
3826
1220
147
2752
3829
1219
146
2753
3825
1220
143
2754
3830
1213
150
2752
3830
1215
143
2762
3822
1214
150
2752
3832
1208
149
2762
3820
1216
146
2762
3827
1208
152
2759
3825
1210
151
2765
3824
1208
153
2760
3828
1201
154
2764
3822
1209
147
2771
3821
1204
159
2763
3825
1201
149
2776
3816
1202
154
2769
3823
1197
158
2772
3817
1200
154
2774
3819
1199
155
2770
3823
1195
155
2778
3815
1199
150
2778
3820
1189
160
2775
3819
1194
152
2785
3812
1193
159
2777
3821
1189
157
2784
3812
1194
155
2785
3816
1188
158
2783
3815
1188
157
2788
3810
1190
158
2785
3818
1180
166
2788
3812
1189
156
2793
3811
1179
166
2787
3814
1182
159
2798
3808
1182
163
2790
3811
1178
164
2794
3810
1178
159
2800
3808
1174
166
2792
3814
1171
166
2798
3806
1178
162
2800
3811
1167
171
2795
3809
1172
162
2807
3802
1169
169
2799
3811
1168
167
2804
3805
1168
169
2807
3806
1163
174
2803
3809
1163
168
2812
3800
1168
166
2807
3807
1155
175
2807
3801
1164
167
2813
3804
1157
177
2809
3804
1158
172
2814
3801
1158
173
2815
3806
1152
178
2813
3799
1159
170
2821
3796
1157
174
2814
3805
1150
174
2823
3794
1158
172
2821
3802
1148
181
2818
3797
1151
173
2827
3796
1147
178
2825
3798
1145
180
2827
3793
1148
174
2831
3792
1142
182
2823
3797
1140
180
2835
3789
1146
177
2829
3800
1133
183
2832
3792
1143
176
2838
3791
1137
180
2835
3791
1138
183
2837
3787
1141
180
2836
3794
1130
188
2834
3792
1134
179
2844
3785
1133
187
2837
3793
1129
185
2846
3783
1135
178
2844
3791
1126
188
2843
3787
1127
186
2845
3782
1130
188
2842
3792
1121
191
2845
3784
1127
183
2853
3785
1121
193
2845
3788
1121
186
2855
3779
1121
194
2851
3787
1112
193
2854
3782
1118
192
2856
3782
1117
194
2851
3785
1113
191
2860
3778
1118
189
2861
3783
1108
197
2857
3778
1115
188
2865
3778
1107
198
2858
3782
1107
197
2865
3773
1108
195
2864
3778
1107
198
2861
3779
1108
193
2872
3772
1107
197
2866
3781
1098
200
2869
3773
1105
194
2874
3775
1097
205
2866
3776
1102
198
2878
3768
1102
200
2873
3773
1097
201
2875
3768
1100
198
2878
3770
1094
206
2873
3776
1091
202
2883
3767
1097
201
2879
3774
1086
208
2882
3765
1095
201
2885
3767
1088
208
2880
3768
1088
206
2886
3767
1087
203
2887
3768
1081
213
2884
3768
1082
205
2894
3759
1085
208
2886
3771
1078
211
2892
3760
1083
207
2895
3765
1074
214
2891
3762
1079
210
2895
3764
1077
211
2891
3766
1072
215
2897
3759
1078
208
2903
3759
1074
216
2893
3762
1072
211
2905
3756
1075
215
2898
3763
1066
219
2904
3753
1075
215
2904
3757
1067
216
2904
3762
1064
218
2908
3751
1070
213
2911
3753
1060
225
2903
3759
1062
216
2915
3750
1063
222
2908
3757
1058
223
2914
3748
1063
217
2915
3752
1058
222
2915
3750
1056
218
2921
3745
1059
221
2918
3752
1050
227
2914
3748
1061
220
2924
3747
1050
230
2915
3751
1050
223
2925